Strong explosion frequency;
Leak category; Total; Event; Continuous; Discrete; Early; Intermediate; Late; 013-01-N1-G; 013-01-N2-G; 013-01-C1-G; 013-01-C2-G; 020-01-01-G; 020-02-02-G; 020-03-02-G; 020-04-02-G; 020-05-01-G; 023-01-01-G-D; 023-02-01-G-D; 023-03-01-G-D; 023-04-G; 024-01-01-G; 024-02-G-D; 024-03-01-G; 025-01-01-G; 025-02-01-G; 027-01-G-D; 027-02-G; 027-03-G; 043-03-G; 045-01-G; 045-02-01-G; 045-03-G; 043-01-01-G; 043-02-01-G; 
Small; 0; 0; 0; 0; 0; 0; 0; 0; 0; 0; 0; 0; 0; 0; 0; 0; 0; 0; 0; 0; 0; 0; 0; 0; 0; 0; 0; 0; 0; 0; 0; 0; 0; 0;
Medium; 4.84773166119727E-07; 0; 4.92966040347025E-08; 4.35476562085024E-07; 0; 2.90526175468665E-08; 4.5572054857286E-07; 2.02856307956167E-08; 1.76103856791005E-08; 1.67157195843018E-08; 1.72246998749167E-08; 2.56459788414691E-08; 1.09464256844234E-09; 3.31084976193546E-13; 0; 5.68643885321462E-09; 3.74176567781857E-12; 1.24962137675289E-09; 1.19457042280555E-07; 2.00197204410325E-10; 3.8830054418032E-08; 4.69775568585393E-08; 1.22453314883964E-08; 2.08652461817862E-08; 3.55114084739277E-08; 5.9580037607036E-08; 2.10001174206653E-08; 2.69605614868277E-09; 0; 9.69831493763449E-09; 1.21946126755924E-08; 0; 0; 0;
Major; 2.77963668553337E-06; 0; 1.02848637219571E-06; 1.75115031333766E-06; 0; 1.3283769204116E-06; 1.45125976512177E-06; 4.39599903825097E-08; 3.08505368828337E-08; 6.9293499173603E-08; 2.1793641689862E-08; 2.48317726535167E-07; 2.97745445116552E-11; 0; 0; 4.34010951932595E-08; 0; 8.13967800989208E-12; 1.67612224511314E-07; 3.67977322274405E-14; 3.73841667273952E-07; 4.15694549279503E-07; 1.06748428558155E-07; 2.0373976345797E-07; 3.5417742456245E-07; 3.7256852286219E-07; 1.91742128827557E-07; 2.69487632337616E-08; 0; 1.0170806709949E-07; 7.20070498954058E-09; 0; 0; 0;
Large; 3.33891553468857E-05; 6.77228262412837E-08; 2.99312648000918E-05; 3.39016772055261E-06; 1.51030888048105E-05; 1.80234081408317E-05; 2.62658401243544E-07; 2.31866332045861E-07; 9.95050404778515E-08; 2.8289277110183E-07; 1.12597808961779E-07; 3.18841192835277E-06; 2.28252498260269E-09; 5.65057621079864E-10; 1.13011524215973E-10; 5.66203844217056E-07; 3.50335725069516E-09; 3.97667717081218E-09; 4.58246896937474E-07; 1.36343217284989E-09; 5.22101443664144E-06; 5.71590561132494E-06; 1.64332286325592E-06; 2.39546991935181E-06; 5.20874279998603E-06; 4.44527424116607E-06; 2.1491314519653E-06; 4.18470537586735E-07; 0; 1.21951597215981E-06; 2.01007614854847E-08; 1.13011524215973E-10; 4.52046096863891E-10; 1.13011524215973E-10;
Total; 3.66535651985388E-05; 6.77228262412837E-08; 3.10090477763223E-05; 5.5767945959753E-06; 1.51030888048105E-05; 1.93808376787901E-05; 2.16963871493817E-06; 2.96111953223987E-07; 1.47965963039786E-07; 3.68901989859735E-07; 1.51616150526558E-07; 3.4623756337294E-06; 3.40694209555668E-09; 5.65388706056058E-10; 1.13011524215973E-10; 6.15291378263531E-07; 3.50709901637298E-09; 5.23443822557495E-09; 7.45316163729343E-07; 1.56366617499244E-09; 5.63368615833343E-06; 6.17857771746298E-06; 1.76231662330247E-06; 2.62007492899157E-06; 5.5984316330224E-06; 4.8774228016353E-06; 2.36187369821353E-06; 4.4811535696918E-07; 0; 1.33092235419694E-06; 3.94960791506177E-08; 1.13011524215973E-10; 4.52046096863891E-10; 1.13011524215973E-10;


Strong explosion probability;
Leak category; Total; Event; Continuous; Discrete; Early; Intermediate; Late; 013-01-N1-G; 013-01-N2-G; 013-01-C1-G; 013-01-C2-G; 020-01-01-G; 020-02-02-G; 020-03-02-G; 020-04-02-G; 020-05-01-G; 023-01-01-G-D; 023-02-01-G-D; 023-03-01-G-D; 023-04-G; 024-01-01-G; 024-02-G-D; 024-03-01-G; 025-01-01-G; 025-02-01-G; 027-01-G-D; 027-02-G; 027-03-G; 043-03-G; 045-01-G; 045-02-01-G; 045-03-G; 043-01-01-G; 043-02-01-G; 
Small; 0; 0; 0; 0; 0; 0; 0; 0; 0; 0; 0; 0; 0; 0; 0; 0; 0; 0; 0; 0; 0; 0; 0; 0; 0; 0; 0; 0; 0; 0; 0; 0; 0; 0;
Medium; 0.00171024411687169; 0; 0.0003471308465714; 0.00436528679054883; 0; 0.000270219219357682; 0.0055923349117748; 0.00186092712738638; 0.00182388787928471; 0.00173274400447612; 0.0016618721199112; 0.00207526401425665; 0.000461811740104934; 4.00857591994682E-07; 0; 0.00194261696782908; 3.98544339440819E-07; 0.000160402478712932; 0.00216309675008443; 7.91701640606619E-05; 0.0018862209476642; 0.00189894394646489; 0.00190268085843719; 0.00186966718384234; 0.00185204120339713; 0.00208070208434245; 0.00163465894190425; 0.00167756636772642; 0; 0.0013691064997136; 0.000820499915997295; 0; 0; 0;
Major; 0.00784070272135546; 0; 0.00657415570296467; 0.04647968685343; 0; 0.01413328798341; 0.0575346174961002; 0.00338883770349068; 0.00268322607972342; 0.0056844854223543; 0.00176298538539529; 0.0184220576873772; 1.40098625202152E-05; 0; 0; 0.00971643328400307; 0; 1.03167687693017E-06; 0.0026873885105311; 1.84192141439146E-08; 0.0147925011262668; 0.014313171766497; 0.0143116573545201; 0.0132051051530897; 0.0139114697594123; 0.0111947162085376; 0.0115972054299181; 0.0119065475880289; 0; 0.00954970316899798; 0.000226411470673596; 0; 0; 0;
Large; 0.0597079906712392; 0.000468012994122082; 0.074823898720822; 0.234098199666656; 0.0311713259112147; 0.244664166205866; 0.25677183103279; 0.0106894737276159; 0.00626326595885983; 0.0141193130128324; 0.00626326611195124; 0.110610367243735; 0.000551824543144348; 0.0004210806044697; 0.000423014389677424; 0.0670549589634712; 0.0004210806044697; 0.000379751868318568; 0.00626326595885984; 0.000379751868318568; 0.0970260900376194; 0.0969531492716005; 0.0969531492716005; 0.0791591091561897; 0.0968441313193746; 0.0705870096239286; 0.0738627286028769; 0.0751053839503281; 0; 0.0670549589634712; 0.00145031499419597; 0.000423035695399759; 0.000423035695399759; 0.000423035695399759;
Total; 0.0222211706878576; 8.66134990404804E-05; 0.0439749554280155; 0.0343315954254831; 0.0120527142376644; 0.0693239071436246; 0.0185704185248215; 0.00453631078880268; 0.00271467629440046; 0.0062170080209956; 0.00252856573159728; 0.0477197007885249; 0.000267734291414863; 9.45195615791033E-05; 0.000100467555338476; 0.0295393077208202; 8.11540819561985E-05; 0.000133508468108353; 0.00275116266884824; 0.000124163288777069; 0.0429735221576947; 0.0414510460383515; 0.0426808819450387; 0.0358549033437833; 0.0444898885366605; 0.0288841257947864; 0.029054265179918; 0.0356230170610523; 0; 0.0270058796074227; 0.000464420225390529; 1.71493860378969E-05; 0.000129164499593422; 6.20999016502589E-05;
